1
2
4
11
13
14
15
18
23
28
33
36
39
42
46
53
59
63
64
65
72
73
80
85
86
90
102
106
112
114
116
118
119
121
126
128
136
139
140
144
145
147
164
165
171
175
184
185
190
191
192
200
202
203
205
214
216
219
222
225
227
233
235
243
245
249
250
251
268
270
275
283
285
289
294
298
301
305
309
310
314
315
319
322
325
332
333
341
342
345
348
350
352
354
356
358
360
361
362
364
366
367
375
378
386
389
391
392
393
401
403
406
416
419
420
423
428
429
432
433
451
452
456
459
471
473
482
486
493
500
512
520
530
540
549
557
561
562
578
583
591
592
598
602
607
621
625
626
640
641
650
656
659
663
666
667
673
674
675
677
679
680
691
692
694
695
698
703
710
713
714
715
716
718
721
723
725
726
728
730
739
745
753
754
759
775
781
785
786
790
792
794
799
802
803
807
816
820
823
829
830
831
833
836
838
841
842
843
846
849
852
875
881
884
886
887
888
890
893
896
899
904
910
914
916
926
927
931
932
935
939
940
946
953
960
961
967
968
973
974
975
978
980
981
984
1004
1009
1011
1013
1017
1019
